Program Name: gcc
+--------------------------+-----------------+----------------+----------------+----------------+----------------+----------------+
|            PC            |      Count      |    Hawkeye     |       2        |       4        |       8        |       16       |
+--------------------------+-----------------+----------------+----------------+----------------+----------------+----------------+
| 239968079010960289105124 |      56624      | 0.736947573657 | 0.693475592143 | 0.694540727903 | 0.693168688619 | 0.691182842288 |
| 239968079010960288781641 |      55392      | 0.624576454473 | 0.618592747459 | 0.619926465287 | 0.622071227741 | 0.646096171869 |
| 239968079010960288779618 |      55484      | 0.69382240746  | 0.74434868607  | 0.744295705001 | 0.745019779599 | 0.743995478949 |
|         Average          | 0.0786894056343 | 0.685146268657 | 0.685868656716 | 0.686644776119 | 0.687146268657 | 0.694101492537 |
+--------------------------+-----------------+----------------+----------------+----------------+----------------+----------------+
Execute Time: 22.9409320354

Program Name: astar
+--------------------------+----------------+----------------+----------------+----------------+----------------+----------------+
|            PC            |     Count      |    Hawkeye     |       2        |       4        |       8        |       16       |
+--------------------------+----------------+----------------+----------------+----------------+----------------+----------------+
| 239968079010960285841614 |     100261     | 0.507435593102 | 0.678209872233 | 0.67735211099  | 0.672614476217 | 0.659538604243 |
| 239968079010960285860069 |     36690      | 0.840663038173 | 0.841165900049 | 0.84104018458  | 0.84042639729  | 0.837523848964 |
| 239968079010960285842561 |     270452     | 0.863396020714 | 0.864895066776 | 0.869283183429 | 0.865821749796 | 0.860043608613 |
| 239968079010960285859850 |     330038     | 0.905558542705 | 0.90537524033  | 0.905253038746 | 0.904853846906 | 0.903216345684 |
| 239968079010960285859881 |     245496     | 0.853659275599 | 0.854159218029 | 0.854031959956 | 0.853492628122 | 0.851080784637 |
| 239968079010960285861166 |     165837     | 0.649842918046 | 0.824641063213 | 0.823603900215 | 0.818912546657 | 0.802390298908 |
|         Average          | 0.998011403372 | 0.802361474058 |  0.8427706407  | 0.842593930573 | 0.841007891892 | 0.835570791122 |
+--------------------------+----------------+----------------+----------------+----------------+----------------+----------------+
Execute Time: 45.7851848602


Program Name: tonto
+--------------------------+----------------+----------------+----------------+----------------+----------------+----------------+
|            PC            |     Count      |    Hawkeye     |       2        |       4        |       8        |       16       |
+--------------------------+----------------+----------------+----------------+----------------+----------------+----------------+
| 239968079010960250187081 |     116576     | 0.938108154131 | 0.993608300088 | 0.993614381629 | 0.993614381629 | 0.99362046317  |
| 239968079010960252542435 |     63559      | 0.926946334089 | 0.974824532988 | 0.974829931973 | 0.974824532988 | 0.974835330958 |
| 239968079010960254640495 |     376631     | 0.782484659813 | 0.727960681074 | 0.803120088888 | 0.908664577932 | 0.927618342159 |
| 239968079010960254640168 |     388831     | 0.512610064914 | 0.750228163764 | 0.750221736615 | 0.754200141397 | 0.754187287101 |
| 239968079010960250189096 |     66273      | 0.68952159506  | 0.718534661295 | 0.718529954438 | 0.718497006439 | 0.719433670972 |
| 239968079010960250187950 |     115235     | 0.251746563457 | 0.754319255202 | 0.769000950613 | 0.770072276794 |  0.782037934   |
| 239968079010960240873664 |     212456     | 0.898236284397 | 0.943343979609 | 0.943391179849 | 0.943406913262 | 0.943532780566 |
| 239968079010960240873760 |     164432     | 0.77596410397  | 0.854015233077 | 0.854028607156 | 0.854062042356 | 0.854108851635 |
| 239968079010960254513444 |     149543     | 0.689312027311 | 0.79591411781  | 0.795865274372 | 0.796289441077 | 0.796690471416 |
| 239968079010960240875872 |     199802     | 0.694675854503 | 0.955740683602 | 0.955740683602 | 0.955740683602 | 0.955757825088 |
| 239968079010960254640270 |     388998     | 0.898328579769 | 0.937906185464 | 0.937906185464 | 0.937903613652 | 0.937919044521 |
| 239968079010960240875972 |     185220     | 0.885362338732 | 0.996457246775 | 0.996474402965 | 0.996508715344 | 0.99650013725  |
| 239968079010960254636512 |     155590     | 0.919948664268 | 0.979666317741 | 0.979666317741 | 0.979663745811 | 0.979663745811 |
| 239968079010960250186921 |     58338      | 0.880163494042 | 0.910859757587 |  0.9109908613  | 0.911029421216 | 0.911060269148 |
| 239968079010960254640389 |     388813     | 0.361990714627 | 0.622432420706 | 0.626684601033 | 0.637080748037 | 0.637375797284 |
| 239968079010960254640202 |     389005     | 0.804569990256 | 0.80755699876  | 0.807575584591 | 0.807655238151 | 0.808048195714 |
|         Average          | 0.627023480405 | 0.790905278329 | 0.863848820607 | 0.868681970765 | 0.87546288687  | 0.876969334677 |
+--------------------------+----------------+----------------+----------------+----------------+----------------+----------------+
Execute Time: 155.559915066

Program Name: soplex
+--------------------------+----------------+----------------+----------------+----------------+----------------+----------------+
|            PC            |     Count      |    Hawkeye     |       2        |       4        |       8        |       16       |
+--------------------------+----------------+----------------+----------------+----------------+----------------+----------------+
| 239968079010960290196834 |     699032     | 0.41088207042  | 0.66071921476  | 0.702509633326 | 0.74318490466  | 0.78957944596  |
| 239968079010960290098607 |     126487     | 0.315627239242 | 0.69678303393  | 0.697150112512 | 0.698814537318 | 0.702264070298 |
| 239968078974881411306767 |     126412     | 0.432112657681 | 0.585231210809 | 0.630975969732 | 0.675342677985 | 0.712395117297 |
| 239968078974881411306819 |     126412     | 0.776321022937 | 0.820470515446 | 0.820455784217 | 0.820131697185 | 0.818901639586 |
| 239968079010960290060580 |     134193     | 0.943213735029 | 0.946219700234 | 0.946079525691 | 0.945716110208 | 0.945928967848 |
| 239968079010960290233352 |     256363     | 0.423495633962 | 0.582957575619 | 0.582961867268 | 0.58295042287  | 0.623623811213 |
| 239968079010960290233378 |     192617     | 0.529024143278 | 0.518186564567 | 0.523399677246 | 0.525551371705 | 0.527932474765 |
| 239968079010960290094124 |     455590     | 0.386927783118 | 0.851706124761 | 0.851698672807 | 0.851847711878 | 0.851788096249 |
| 239968079010960290233442 |     90571      | 0.404029239894 | 0.62749775667  | 0.698824713839 | 0.744643365214 | 0.792136306931 |
| 239968079010960290233446 |     91382      | 0.415543584683 | 0.700756349395 | 0.757230957665 | 0.820680051333 | 0.878742252197 |
| 239968079010960283901099 |     135766     | 0.640603382166 | 0.765857360836 | 0.793528188668 | 0.798848893562 | 0.808707614221 |
| 239968079010960283900998 |     397735     | 0.571696042494 | 0.926809192476 | 0.926811387432 | 0.926837726904 | 0.926820167256 |
| 239968079010960290233420 |     122637     | 0.530242382052 | 0.517885960194 | 0.524143277537 | 0.527940385406 | 0.527173053191 |
|         Average          | 0.329282921974 | 0.497300856762 | 0.714427836791 | 0.726427375231 | 0.737111942114 | 0.757105194679 |
+--------------------------+----------------+----------------+----------------+----------------+----------------+----------------+
Execute Time: 165.725223064

Program Name: xalanc
+--------------------------+---------------+----------------+----------------+----------------+----------------+----------------+
|            PC            |     Count     |    Hawkeye     |       2        |       4        |       8        |       16       |
+--------------------------+---------------+----------------+----------------+----------------+----------------+----------------+
| 239968079010960252579977 |     901253    | 0.735030159535 | 0.631286994757 | 0.64488415356  | 0.651756017814 | 0.686216810418 |
| 239968079010960252580194 |     227823    | 0.802509998415 | 0.682529023072 | 0.680738731031 | 0.695277936483 | 0.716143737867 |
| 239968079010960252580205 |     771684    | 0.863565136092 | 0.766410766253 | 0.776234181799 | 0.769939821704 | 0.797171488392 |
| 239968079010960252580231 |     140205    | 0.931911309511 | 0.830119391043 | 0.837931397528 | 0.840395022215 | 0.85461666421  |
| 239968079010960252580235 |     938273    | 0.903447283317 | 0.814302162171 | 0.811838607541 | 0.821963732412 | 0.840969506104 |
| 239968079010960252580266 |     941525    | 0.759751792019 | 0.715766199494 | 0.715509432617 | 0.722135444528 | 0.745515495168 |
| 239968079010960252580292 |     237455    |  0.9220471678  | 0.827420886383 | 0.82540549968  | 0.829529290933 | 0.847923570335 |
| 239968079010960252580296 |     258015    | 0.875476697442 | 0.763785529701 | 0.769188008251 | 0.773089243531 | 0.788453408754 |
| 239968079010960252478694 |     118122    | 0.930353416001 | 0.828338068559 | 0.828979580999 | 0.829977961286 | 0.841743979183 |
| 239968079010960252574824 |     668606    | 0.918553555309 | 0.811211662277 | 0.812138897741 | 0.817394297822 | 0.830305252309 |
| 239968079010960252579948 |     890304    | 0.854848456258 | 0.745918248149 | 0.748791424053 | 0.751862285242 | 0.769375404356 |
| 239968079010960252574892 |     177390    | 0.894828712271 | 0.795346281639 | 0.799235179167 | 0.797039980095 | 0.809581383053 |
|         Average          | 0.95668412827 | 0.879421368262 | 0.774612859422 | 0.777222315691 | 0.781002941479 | 0.797304747271 |
+--------------------------+---------------+----------------+----------------+----------------+----------------+----------------+
Execute Time: 254.615690947

Program Name: sphinx3
+--------------------------+----------------+----------------+----------------+----------------+----------------+----------------+
|            PC            |     Count      |    Hawkeye     |       2        |       4        |       8        |       16       |
+--------------------------+----------------+----------------+----------------+----------------+----------------+----------------+
| 239968078979087526466857 |     58707      | 0.843120805369 | 0.774941048431 | 0.763830945039 | 0.772106838382 | 0.773399238164 |
| 239968078979087526466893 |     58701      | 0.887727137779 | 0.599186985681 | 0.660086934677 | 0.712774906176 | 0.705702899599 |
| 239968079010960284977508 |     43833      | 0.840293215682 | 0.678990389548 | 0.634711629445 | 0.686765393253 | 0.742558455032 |
| 239968079010960284977541 |     87666      | 0.891433730722 | 0.858939396731 | 0.859151296272 | 0.858524810672 | 0.856700632013 |
| 239968079010960285860864 |     48291      | 0.816773076108 | 0.758943460195 | 0.758814479054 | 0.759450171821 | 0.756409902066 |
| 239968079010960284826026 |     39158      | 0.886584402515 | 0.637328350833 | 0.691664532512 | 0.746060230056 | 0.725262140335 |
| 239968079010960285842914 |     34951      | 0.892381603197 | 0.862376012093 | 0.861941148454 | 0.860822927668 | 0.858876395188 |
| 239968079010960285842922 |     36585      | 0.741008840949 | 0.59709307316  | 0.612371605963 | 0.663729220909 | 0.686303682298 |
| 239968079010960285859878 |     256230     | 0.861862067392 | 0.770583806721 | 0.782948919764 | 0.774119955285 | 0.781237880136 |
| 239968079010960285859883 |     256265     | 0.924360641526 | 0.72714621404  | 0.691317044236 | 0.864599730796 | 0.836401797732 |
| 239968079010960285860302 |     48349      | 0.775084884674 | 0.61753112438  | 0.619107832806 | 0.63826640128  | 0.667408187956 |
| 239968079010960285860327 |     108542     | 0.776629766298 | 0.649911165778 | 0.653109197759 | 0.694984283176 | 0.706327729944 |
| 239968079010960285860930 |     108543     | 0.896145263768 | 0.839797639123 | 0.840342718926 | 0.841364743557 | 0.841654317202 |
| 239968079010960284846437 |     46831      | 0.703866387456 | 0.633970069973 | 0.640839675162 | 0.657847693958 | 0.651412227386 |
| 239968079010960284977518 |     87717      | 0.785288666029 | 0.609119466178 | 0.613095818781 | 0.634440910776 | 0.667917975533 |
| 239968079010960284977605 |     44104      | 0.902097068193 | 0.839321306281 | 0.840002725678 | 0.841246316076 | 0.841842558048 |
| 239968079010960284977613 |     554474     | 0.810668266148 | 0.759622742973 | 0.759105669197 | 0.758485180666 | 0.756106641296 |
| 239968079010960284978214 |     525452     | 0.708035275779 | 0.566526446157 | 0.611411244688 | 0.649484315945 | 0.69347227264  |
|         Average          | 0.806514344803 | 0.849244333679 | 0.663707520744 | 0.688104110663 | 0.726471823953 | 0.728892050766 |
+--------------------------+----------------+----------------+----------------+----------------+----------------+----------------+
Execute Time: 102.947217941

Program Name: omnetpp
+--------------------------+---------------+----------------+----------------+----------------+----------------+----------------+
|            PC            |     Count     |    Hawkeye     |       2        |       4        |       8        |       16       |
+--------------------------+---------------+----------------+----------------+----------------+----------------+----------------+
| 239968079010960289148366 |     97820     | 0.488126224813 | 0.607296115773 | 0.627536304708 | 0.674508818652 | 0.650339178936 |
| 239968079010960288913484 |     172137    | 0.485823855256 | 0.744485233865 | 0.74782850962  | 0.78758726933  | 0.795961847324 |
| 239968079010960284684454 |     99570     | 0.603943619472 | 0.682607106175 | 0.687469897696 | 0.694166391031 | 0.684754162097 |
| 239968079010960284684608 |     99505     | 0.575425718348 | 0.77676817776  | 0.794907912575 | 0.815183678868 | 0.837522732533 |
| 239968079010960289837549 |     82912     | 0.620356661073 | 0.952324548416 | 0.950761688547 | 0.943259961175 | 0.922876978252 |
| 239968079010960290329793 |     61018     | 0.60964231978  | 0.707628226355 | 0.708859803529 | 0.703689503128 | 0.700587322888 |
| 239968079010960290329896 |     110990    | 0.479236628717 | 0.745658940126 | 0.792939634696 | 0.804078958146 | 0.77854451634  |
| 239968078974848433722694 |     151215    | 0.389112655899 | 0.626845225925 | 0.790288284604 | 0.814996933143 | 0.767440196279 |
| 239968079010960290199974 |     91165     | 0.500503650265 | 0.635673788122 | 0.648979748463 | 0.691871564386 | 0.651454829766 |
| 239968079010960288913451 |     78094     | 0.850194619545 | 0.872343357101 | 0.876350567784 | 0.878222130366 | 0.876143892161 |
| 239968079010960288913475 |     172329    | 0.365122057121 | 0.742160362794 | 0.806204168275 | 0.810509938248 | 0.742087996912 |
| 239968079010960288913540 |     107010    | 0.489966857487 | 0.61431153962  | 0.636426634528 | 0.682976800241 | 0.648779752938 |
| 239968078974855719270627 |     87093     | 0.570409293191 | 0.635281950567 | 0.643377974636 | 0.652017215803 | 0.642960115329 |
| 239968079010960289006976 |     99145     | 0.398572688475 | 0.716980749541 | 0.812097681632 | 0.811317120642 | 0.764108386469 |
| 239968079010960290329864 |     156572    | 0.528931875526 | 0.630735445285 | 0.645920941968 | 0.65469582282  | 0.654247266611 |
| 239968079010960289938506 |     60786     | 0.519218087612 | 0.714309938766 | 0.714507772021 | 0.703316062176 |  0.7043805935  |
| 239968078974848470424967 |     59447     | 0.885763789594 | 0.910003868993 | 0.909213248776 | 0.907766581997 |  0.9067741013  |
| 239968079010960289038669 |     48836     | 0.579120149197 | 0.799900365327 | 0.80104360933  | 0.824751552002 | 0.841101857292 |
| 239968079010960289038722 |     98647     | 0.78447728075  | 0.843037974684 | 0.89282364214  | 0.848101265823 | 0.877563165061 |
| 239968079010960287793540 |     85481     | 0.410985380358 | 0.771487569175 | 0.770975468737 | 0.760270917651 | 0.687519616751 |
| 239968079010960287794181 |     106150    | 0.926057149125 | 0.970142050129 | 0.969758130862 | 0.969286458619 | 0.966434486919 |
| 239968079010960288913536 |     95726     | 0.554491395621 | 0.70371204613  | 0.728597170916 | 0.75741057753  | 0.791008198937 |
| 239968079010960288941472 |     60535     | 0.456850060247 |  0.7466922474  | 0.801289175372 | 0.813291842632 | 0.79451574034  |
| 239968079010960287793612 |     104239    | 0.869823545983 | 0.889287269188 | 0.888429328758 | 0.882564601634 | 0.88082311061  |
|         Average          | 0.49089222707 | 0.579641823617 | 0.740700513153 | 0.764849217783 | 0.775463015343 | 0.765408213635 |
+--------------------------+---------------+----------------+----------------+----------------+----------------+----------------+
Execute Time: 117.64298892

Program Name: mcf
+--------------------------+----------------+----------------+----------------+----------------+----------------+----------------+
|            PC            |     Count      |    Hawkeye     |       2        |       4        |       8        |       16       |
+--------------------------+----------------+----------------+----------------+----------------+----------------+----------------+
| 239968079010960285709665 |    1154471     | 0.935884554616 | 0.997503489746 | 0.997480480434 | 0.997350094338 | 0.997422957157 |
| 239968079010960285709675 |     205925     | 0.636731455359 | 0.637592455765 | 0.637290152806 | 0.635917229623 | 0.631045734367 |
| 239968079010960285709698 |     557450     | 0.877996232846 | 0.882253116871 | 0.882050408108 | 0.881192932102 | 0.877110054713 |
| 239968079010960285738250 |     216613     |  0.7703441775  | 0.787078749803 | 0.787066189453 | 0.787199568402 | 0.789914398228 |
| 239968079010960285641101 |    3352736     | 0.696737061543 | 0.750675246986 | 0.727798422913 | 0.713686214085 | 0.706933744222 |
| 239968079010960285641123 |    1671928     | 0.844416663151 | 0.895224472422 | 0.895224472422 | 0.895205298216 | 0.895189958852 |
| 239968079010960285710505 |     260767     | 0.824245399149 | 0.910188022257 | 0.910191857098 | 0.910191857098 | 0.91019569194  |
| 239968079010960285711371 |     260764     | 0.91060554999  | 0.868558212111 | 0.899188876014 | 0.909779191461 | 0.887513676464 |
| 239968079010960285729992 |     260767     | 0.727381328153 | 0.758310064344 | 0.749899235158 | 0.743688236008 | 0.736476872648 |
| 239968079010960285709604 |     220660     | 0.849542880799 | 0.858325558589 | 0.858324365533 | 0.858312434978 | 0.858290065189 |
| 239968079010960285709615 |     598755     | 0.877398936126 | 0.881308715585 | 0.881088258136 | 0.88018471662  | 0.876214812402 |
|         Average          | 0.438292503312 | 0.806553278705 | 0.820709918551 | 0.82062214154  | 0.820101757412 | 0.818549964866 |
+--------------------------+----------------+----------------+----------------+----------------+----------------+----------------+
Execute Time: 441.759091854

Program Name: bzip2
+--------------------------+----------------+----------------+----------------+----------------+----------------+----------------+
|            PC            |     Count      |    Hawkeye     |       2        |       4        |       8        |       16       |
+--------------------------+----------------+----------------+----------------+----------------+----------------+----------------+
| 239968079010960285742467 |    2149810     | 0.88820940781  | 0.899384243735 | 0.898919681395 | 0.897500654611 | 0.89395308765  |
| 239968079010960285669792 |     50962      | 0.822279345395 | 0.813743573643 | 0.813782818571 | 0.813861308426 | 0.814018288136 |
| 239968079010960285777037 |     110495     | 0.845176741207 | 0.852936466341 | 0.852910988819 | 0.852801799441 | 0.852636195551 |
| 239968079010960285635010 |     549504     | 0.684523283453 | 0.748880133593 | 0.748880598751 | 0.748881063908 | 0.748881529065 |
| 239968079010960285744326 |     56299      | 0.867475443614 | 0.799747775271 | 0.799836586796 | 0.800120783673 | 0.800387218245 |
| 239968079010960285631712 |     118391     | 0.835369599762 | 0.845558463829 | 0.845514493665 |  0.8454522026  | 0.845332506043 |
| 239968079010960285631722 |     818737     | 0.872799674193 | 0.872799674193 | 0.872781573827 | 0.872799674193 | 0.87279062401  |
|         Average          | 0.811203803327 | 0.75562023539  | 0.794029263676 | 0.794003577398 | 0.793937156316 | 0.793785114309 |
+--------------------------+----------------+----------------+----------------+----------------+----------------+----------------+
Execute Time: 159.451830149

Program Name: cactusADM
+--------------------------+----------------+----------------+----------------+----------------+----------------+----------------+
|            PC            |     Count      |    Hawkeye     |       2        |       4        |       8        |       16       |
+--------------------------+----------------+----------------+----------------+----------------+----------------+----------------+
| 239968079010960286094660 |     17730      | 0.933947602131 | 0.998834369449 | 0.998834369449 | 0.998723357016 | 0.998723357016 |
| 239968079010960285941066 |     17729      | 0.809260616998 | 0.803902769161 | 0.804579549941 | 0.878574248491 | 0.877784670915 |
| 239968079010960285941095 |     17729      | 0.910152284264 | 0.910152284264 | 0.910152284264 | 0.910152284264 | 0.98432036097  |
| 239968079010960285937097 |     17732      | 0.899473246465 | 0.999334627114 | 0.999611865816 | 0.999722761297 | 0.999722761297 |
| 239968079010960286091273 |     17729      | 0.64815023686  | 0.707026844124 | 0.707252424994 | 0.777633656666 | 0.797823144597 |
| 239968079010960285939745 |     17719      | 0.647865079813 | 0.800439957132 | 0.800101528569 | 0.799932314287 | 0.800552766654 |
| 239968079010960286091302 |     17729      | 0.659518031492 | 0.644054404876 | 0.644167278063 | 0.73587674248  | 0.643433602348 |
| 239968079010960286097542 |     17720      | 0.918556119571 | 0.919176536943 | 0.918443316413 | 0.922278623801 | 0.992611393119 |
| 239968079010960285896993 |     18000      | 0.900016663889 |      1.0       |      1.0       | 0.999944453702 | 0.999944453702 |
| 239968079010960286089515 |     17720      | 0.796178729065 | 0.569986093476 | 0.58467863837  | 0.652215974364 | 0.609287139488 |
| 239968079010960285897007 |     18016      | 0.899512789281 | 0.999557081165 | 0.999557081165 | 0.999557081165 | 0.999557081165 |
| 239968079010960285897037 |     18000      | 0.841737168641 | 0.710095882685 | 0.622335025381 | 0.680541455161 | 0.742019176537 |
| 239968079010960285897063 |     18000      |      0.9       |      1.0       |      1.0       |      1.0       | 0.999944444444 |
| 239968079010960286095778 |     17719      | 0.88716894425  | 0.88716894425  | 0.887350344661 | 0.887350344661 | 0.961180312009 |
| 239968079010960285897126 |     18000      | 0.926391787467 | 0.919397597157 | 0.991821309719 | 0.991313666873 | 0.99097523831  |
| 239968079010960285897135 |     18000      | 0.949455676516 | 0.977005109976 | 0.977005109976 | 0.977005109976 | 0.976949566763 |
| 239968079010960285938112 |     17731      | 0.918115660241 |      1.0       |      1.0       |      1.0       | 0.999944447531 |
| 239968079010960285938125 |     17730      | 0.757110609481 | 0.757110609481 | 0.757167042889 | 0.757110609481 | 0.757844243792 |
| 239968079010960285897889 |     18062      |      0.9       |      1.0       | 0.999944444444 | 0.999944444444 |      1.0       |
| 239968079010960285897196 |     18000      | 0.918833549552 | 0.918833549552 | 0.918777144791 | 0.918833549552 | 0.918777144791 |
| 239968079010960285897740 |     18006      |      0.8       | 0.999944444444 | 0.999944444444 |      1.0       | 0.999944444444 |
| 239968079010960286098560 |     17730      | 0.904624929498 | 0.904624929498 | 0.904568527919 | 0.976536943034 | 0.976367738297 |
| 239968079010960285897961 |     18001      | 0.916486321514 | 0.999833527551 | 0.999833527551 | 0.999889018367 | 0.999833527551 |
| 239968079010960286092493 |     16538      |      0.9       | 0.999944444444 | 0.999944444444 | 0.999944444444 |      1.0       |
| 239968079010960285897732 |     18000      | 0.785835214447 | 0.636230248307 | 0.63611738149  | 0.636060948081 | 0.656320541761 |
| 239968079010960285897987 |     18021      | 0.923277777778 | 0.964111111111 | 0.968777777778 | 0.968277777778 | 0.968333333333 |
| 239968079010960286098500 |     17745      | 0.900620767494 | 0.919413092551 | 0.919469525959 | 0.919469525959 | 0.919469525959 |
| 239968079010960285897797 |     18035      | 0.765525410345 | 0.607253652208 | 0.786959219358 | 0.717242935304 | 0.713463816346 |
| 239968079010960285897807 |     18003      | 0.822394040296 | 0.698346407811 | 0.699023646933 | 0.745075907218 | 0.805293752469 |
| 239968079010960286093579 |     17719      | 0.908197267577 | 0.976952127069 | 0.977007664112 | 0.976952127069 | 0.977007664112 |
| 239968079010960285897833 |     18000      |      0.9       | 0.999944444444 |      1.0       |      1.0       |      1.0       |
| 239968079010960286137451 |     17720      | 0.822106663442 | 0.515539968557 | 0.536098681824 | 0.572439230862 | 0.626375619785 |
| 239968079010960286137480 |     17720      | 0.902333333333 | 0.977055555556 |     0.977      | 0.977055555556 | 0.977055555556 |
| 239968079010960285897899 |     18000      | 0.771996162312 | 0.674981658107 | 0.739093628309 | 0.798069868503 | 0.677239121847 |
| 239968079010960285897925 |     18004      | 0.868266133511 | 0.968399422415 | 0.968954792847 | 0.969510163279 | 0.969399089192 |
| 239968079010960286094626 |     17730      |      0.9       | 0.999944444444 | 0.999944444444 |      1.0       | 0.999944444444 |
| 239968079010960286092514 |     16538      | 0.753451676529 | 0.503691180614 | 0.575880529727 | 0.699239222316 | 0.607382361229 |
| 239968079010960286127394 |     16539      | 0.773306997743 | 0.684198645598 | 0.779853273138 | 0.777821670429 | 0.777821670429 |
| 239968079010960285898020 |     18006      |      0.9       |      1.0       | 0.999944444444 | 0.999944444444 |      1.0       |
|         Average          | 0.572180554202 | 0.852751677852 | 0.862329508552 | 0.873470448149 | 0.889414736234 | 0.891377643068 |
+--------------------------+----------------+----------------+----------------+----------------+----------------+----------------+
Execute Time: 32.3126568794

Program Name: milc
+--------------------------+----------------+----------------+----------------+----------------+----------------+----------------+
|            PC            |     Count      |    Hawkeye     |       2        |       4        |       8        |       16       |
+--------------------------+----------------+----------------+----------------+----------------+----------------+----------------+
| 239968079010960284695885 |     120010     | 0.564721763912 | 0.501249937503 | 0.500299985001 | 0.500949952502 | 0.500674966252 |
| 239968079010960284587428 |     281166     | 0.949812566242 | 0.95422632893  | 0.954229885548 | 0.954229885548 | 0.954229885548 |
| 239968079010960284726720 |     40002      | 0.810515790351 | 0.998800099992 | 0.998783434714 | 0.998791767353 | 0.998800099992 |
|         Average          | 0.112342789917 | 0.877004293052 | 0.925279592364 | 0.925191192671 | 0.925252392458 | 0.92522972587  |
+--------------------------+----------------+----------------+----------------+----------------+----------------+----------------+
Execute Time: 48.822450161

Program Name: soplex.med
+--------------------------+----------------+----------------+----------------+----------------+----------------+----------------+
|            PC            |     Count      |    Hawkeye     |       2        |       4        |       8        |       16       |
+--------------------------+----------------+----------------+----------------+----------------+----------------+----------------+
| 239968078974881411306793 |      2431      | 0.425633137788 | 0.574331091716 | 0.572936042352 | 0.574044927744 | 0.611246244098 |
| 239968078974881411306819 |      4584      | 0.817844677138 | 0.851003490401 | 0.849912739965 | 0.850567190227 | 0.851439790576 |
| 239968078974881411306829 |      2431      | 0.946681792399 | 0.946114577425 | 0.946114577425 | 0.946114577425 | 0.944980147476 |
| 239968079010960290196834 |     27956      | 0.709995886466 | 0.706705059646 | 0.703825586179 | 0.706705059646 | 0.706705059646 |
| 239968079010960290098574 |      1760      | 0.817150338206 | 0.849661793585 | 0.850098188959 | 0.850098188959 | 0.850534584333 |
| 239968079010960290196905 |      1763      | 0.707116412999 | 0.702180172768 | 0.706705059646 | 0.705059646236 | 0.705882352941 |
| 239968079010960290098607 |      4866      | 0.865909090909 | 0.863068181818 | 0.863068181818 | 0.852840909091 | 0.840340909091 |
| 239968078974881411306767 |      4583      | 0.64241676942  | 0.768803945746 | 0.794492396219 | 0.794081381011 | 0.800246609125 |
|         Average          | 0.288438194269 | 0.578810497479 | 0.679001071982 | 0.680728153412 | 0.681065629094 | 0.701989121372 |
+--------------------------+----------------+----------------+----------------+----------------+----------------+----------------+
Execute Time: 3.41662311554
