Program Name: gcc
+--------------------------+-------+----------------+----+-----+-----+------+
|            PC            | Count |    Hawkeye     | 2  |  4  |  8  |  16  |
+--------------------------+-------+----------------+----+-----+-----+------+
| 239968079010960289105124 | 56624 | 0.736947573657 | 72 | 179 | 448 | 1331 |
| 239968079010960288781641 | 55392 | 0.624576454473 | 44 |  70 | 112 | 202  |
| 239968079010960288779618 | 55484 | 0.69382240746  | 18 |  32 |  54 |  80  |
+--------------------------+-------+----------------+----+-----+-----+------+
Execute Time: 14.3247771263

Program Name: astar
+--------------------------+--------+----------------+----+-----+------+-------+
|            PC            | Count  |    Hawkeye     | 2  |  4  |  8   |   16  |
+--------------------------+--------+----------------+----+-----+------+-------+
| 239968079010960285841614 | 100261 | 0.507435593102 | 65 | 298 | 1460 |  6832 |
| 239968079010960285860069 | 36690  | 0.840663038173 | 68 | 321 | 1733 |  9414 |
| 239968079010960285842561 | 270452 | 0.863396020714 | 36 | 157 | 820  |  3848 |
| 239968079010960285859850 | 330038 | 0.905558542705 | 68 | 328 | 1782 |  9277 |
| 239968079010960285859881 | 245496 | 0.853659275599 | 78 | 371 | 1973 | 10394 |
| 239968079010960285861166 | 165837 | 0.649842918046 | 71 | 321 | 1810 |  9576 |
+--------------------------+--------+----------------+----+-----+------+-------+
Execute Time: 14.2838728428

Program Name: tonto
+--------------------------+--------+----------------+----+----+-----+-----+
|            PC            | Count  |    Hawkeye     | 2  | 4  |  8  |  16 |
+--------------------------+--------+----------------+----+----+-----+-----+
| 239968079010960250187081 | 116576 | 0.938108154131 | 20 | 35 |  74 | 148 |
| 239968079010960252542435 | 63559  | 0.926946334089 | 13 | 28 |  68 | 156 |
| 239968079010960254640495 | 376631 | 0.782484659813 | 22 | 56 | 157 | 329 |
| 239968079010960254640168 | 388831 | 0.512610064914 | 17 | 40 |  70 | 152 |
| 239968079010960250189096 | 66273  | 0.68952159506  | 23 | 68 | 194 | 306 |
| 239968079010960250187950 | 115235 | 0.251746563457 | 17 | 36 |  78 | 181 |
| 239968079010960240873664 | 212456 | 0.898236284397 | 24 | 40 |  85 | 262 |
| 239968079010960240873760 | 164432 | 0.77596410397  | 14 | 20 |  27 |  54 |
| 239968079010960254513444 | 149543 | 0.689312027311 | 32 | 60 |  96 | 152 |
| 239968079010960240875872 | 199802 | 0.694675854503 | 18 | 39 |  64 | 134 |
| 239968079010960254640270 | 388998 | 0.898328579769 | 23 | 51 |  80 | 141 |
| 239968079010960240875972 | 185220 | 0.885362338732 | 18 | 41 |  74 | 138 |
| 239968079010960254636512 | 155590 | 0.919948664268 | 29 | 59 |  97 | 127 |
| 239968079010960250186921 | 58338  | 0.880163494042 | 31 | 72 | 102 | 156 |
| 239968079010960254640389 | 388813 | 0.361990714627 | 23 | 49 |  85 | 178 |
| 239968079010960254640202 | 389005 | 0.804569990256 | 31 | 74 | 162 | 383 |
+--------------------------+--------+----------------+----+----+-----+-----+
Execute Time: 54.7260198593

Program Name: soplex
+--------------------------+--------+----------------+----+-----+------+-------+
|            PC            | Count  |    Hawkeye     | 2  |  4  |  8   |   16  |
+--------------------------+--------+----------------+----+-----+------+-------+
| 239968079010960290196834 | 699032 | 0.41088207042  | 77 | 696 | 6173 | 23040 |
| 239968079010960290098607 | 126487 | 0.315627239242 | 65 | 218 | 675  |  1954 |
| 239968078974881411306767 | 126412 | 0.432112657681 | 81 | 803 | 7506 | 28042 |
| 239968078974881411306819 | 126412 | 0.776321022937 | 46 | 120 | 330  |  999  |
| 239968079010960290060580 | 134193 | 0.943213735029 | 76 | 794 | 7355 | 27988 |
| 239968079010960290233352 | 256363 | 0.423495633962 | 17 |  21 |  39  |   86  |
| 239968079010960290233378 | 192617 | 0.529024143278 | 60 | 110 | 193  |  325  |
| 239968079010960290094124 | 455590 | 0.386927783118 | 19 |  43 |  68  |  117  |
| 239968079010960290233442 | 90571  | 0.404029239894 | 69 | 681 | 6262 | 22977 |
| 239968079010960290233446 | 91382  | 0.415543584683 | 91 | 873 | 8637 | 34671 |
| 239968079010960283901099 | 135766 | 0.640603382166 | 15 |  38 |  97  |  206  |
| 239968079010960283900998 | 397735 | 0.571696042494 | 48 |  85 | 135  |  281  |
| 239968079010960290233420 | 122637 | 0.530242382052 | 53 | 107 | 183  |  322  |
+--------------------------+--------+----------------+----+-----+------+-------+
Execute Time: 72.7471809387

Program Name: xalanc
+--------------------------+--------+----------------+-----+-----+------+-------+
|            PC            | Count  |    Hawkeye     |  2  |  4  |  8   |   16  |
+--------------------------+--------+----------------+-----+-----+------+-------+
| 239968079010960252579977 | 901253 | 0.735030159535 |  45 | 192 | 1299 |  5021 |
| 239968079010960252580194 | 227823 | 0.802509998415 |  74 | 311 | 2242 |  9717 |
| 239968079010960252580205 | 771684 | 0.863565136092 |  77 | 380 | 1287 |  5896 |
| 239968079010960252580231 | 140205 | 0.931911309511 |  55 | 358 | 1477 |  5686 |
| 239968079010960252580235 | 938273 | 0.903447283317 |  69 | 185 | 861  |  2999 |
| 239968079010960252580266 | 941525 | 0.759751792019 |  62 | 350 | 1261 |  5014 |
| 239968079010960252580292 | 237455 |  0.9220471678  |  62 | 271 | 1537 |  6035 |
| 239968079010960252580296 | 258015 | 0.875476697442 | 118 | 747 | 3305 | 14493 |
| 239968079010960252478694 | 118122 | 0.930353416001 |  97 | 635 | 3144 | 13465 |
| 239968079010960252574824 | 668606 | 0.918553555309 |  79 | 568 | 2811 | 12704 |
| 239968079010960252579948 | 890304 | 0.854848456258 | 133 | 578 | 2603 | 11411 |
| 239968079010960252574892 | 177390 | 0.894828712271 |  99 | 612 | 2456 | 11284 |
+--------------------------+--------+----------------+-----+-----+------+-------+
Execute Time: 83.0880520344

Program Name: sphinx3
+--------------------------+--------+----------------+-----+-----+------+-------+
|            PC            | Count  |    Hawkeye     |  2  |  4  |  8   |   16  |
+--------------------------+--------+----------------+-----+-----+------+-------+
| 239968078979087526466857 | 58707  | 0.843120805369 |  22 |  34 |  48  |   60  |
| 239968078979087526466893 | 58701  | 0.887727137779 |  28 |  70 | 130  |  174  |
| 239968079010960284977508 | 43833  | 0.840293215682 |  17 |  22 |  43  |   58  |
| 239968079010960284977541 | 87666  | 0.891433730722 |  94 | 261 | 474  |  1040 |
| 239968079010960285860864 | 48291  | 0.816773076108 |  82 | 245 | 437  |  941  |
| 239968079010960284826026 | 39158  | 0.886584402515 |  30 |  72 | 122  |  192  |
| 239968079010960285842914 | 34951  | 0.892381603197 |  50 | 139 | 300  |  617  |
| 239968079010960285842922 | 36585  | 0.741008840949 | 113 | 640 | 2969 |  9627 |
| 239968079010960285859878 | 256230 | 0.861862067392 |  14 |  20 |  29  |   34  |
| 239968079010960285859883 | 256265 | 0.924360641526 |  23 |  39 |  56  |   74  |
| 239968079010960285860302 | 48349  | 0.775084884674 | 132 | 765 | 4940 | 21839 |
| 239968079010960285860327 | 108542 | 0.776629766298 |  89 | 492 | 2612 |  9834 |
| 239968079010960285860930 | 108543 | 0.896145263768 |  65 | 103 | 185  |  368  |
| 239968079010960284846437 | 46831  | 0.703866387456 |  97 | 170 | 330  |  1398 |
| 239968079010960284977518 | 87717  | 0.785288666029 | 114 | 697 | 4768 | 21212 |
| 239968079010960284977605 | 44104  | 0.902097068193 |  53 | 103 | 177  |  357  |
| 239968079010960284977613 | 554474 | 0.810668266148 |  56 | 155 | 316  |  619  |
| 239968079010960284978214 | 525452 | 0.708035275779 |  66 | 468 | 1686 |  6821 |
+--------------------------+--------+----------------+-----+-----+------+-------+
Execute Time: 34.1347270012

Program Name: omnetpp
+--------------------------+--------+----------------+------+------+-------+--------+
|            PC            | Count  |    Hawkeye     |  2   |  4   |   8   |   16   |
+--------------------------+--------+----------------+------+------+-------+--------+
| 239968079010960289148366 | 97820  | 0.488126224813 | 424  | 2447 | 15834 | 58759  |
| 239968079010960288913484 | 172137 | 0.485823855256 | 475  | 1318 |  5970 | 27339  |
| 239968079010960284684454 | 99570  | 0.603943619472 | 911  | 5288 | 33257 | 115420 |
| 239968079010960284684608 | 99505  | 0.575425718348 | 264  | 717  |  3937 | 33455  |
| 239968079010960289837549 | 82912  | 0.620356661073 | 360  | 895  |  2106 |  7927  |
| 239968079010960290329793 | 61018  | 0.60964231978  | 624  | 4129 | 28516 | 112689 |
| 239968079010960290329896 | 110990 | 0.479236628717 | 532  | 1614 |  4005 |  9375  |
| 239968078974848433722694 | 151215 | 0.389112655899 | 294  | 1979 |  7947 | 20175  |
| 239968079010960290199974 | 91165  | 0.500503650265 | 1343 | 6647 | 26296 | 68709  |
| 239968079010960288913451 | 78094  | 0.850194619545 | 159  | 662  |  3225 | 13661  |
| 239968079010960288913475 | 172329 | 0.365122057121 | 1010 | 4132 | 13498 | 47436  |
| 239968079010960288913540 | 107010 | 0.489966857487 | 573  | 3926 | 20763 | 62867  |
| 239968078974855719270627 | 87093  | 0.570409293191 | 625  | 3741 | 21882 | 68227  |
| 239968079010960289006976 | 99145  | 0.398572688475 | 595  | 2908 |  8946 | 21656  |
| 239968079010960290329864 | 156572 | 0.528931875526 | 629  | 3816 | 20577 | 67470  |
| 239968079010960289938506 | 60786  | 0.519218087612 | 1108 | 3265 | 17892 | 67140  |
| 239968078974848470424967 | 59447  | 0.885763789594 | 620  | 1723 |  3696 |  8730  |
| 239968079010960289038669 | 48836  | 0.579120149197 | 406  | 1862 |  7226 | 49278  |
| 239968079010960289038722 | 98647  | 0.78447728075  | 294  | 1011 |  5422 | 24094  |
| 239968079010960287793540 | 85481  | 0.410985380358 | 615  | 1647 |  5626 | 25604  |
| 239968079010960287794181 | 106150 | 0.926057149125 | 144  | 929  |  3522 | 17626  |
| 239968079010960288913536 | 95726  | 0.554491395621 | 172  | 898  |  4232 | 34764  |
| 239968079010960288941472 | 60535  | 0.456850060247 | 1029 | 3331 |  7839 | 16963  |
| 239968079010960287793612 | 104239 | 0.869823545983 | 465  | 2412 | 15666 | 50712  |
+--------------------------+--------+----------------+------+------+-------+--------+
Execute Time: 47.0546958447

Program Name: mcf
+--------------------------+---------+----------------+-----+-----+------+-------+
|            PC            |  Count  |    Hawkeye     |  2  |  4  |  8   |   16  |
+--------------------------+---------+----------------+-----+-----+------+-------+
| 239968079010960285709665 | 1154471 | 0.935884554616 |  15 |  34 |  68  |  108  |
| 239968079010960285709675 |  205925 | 0.636731455359 | 120 | 789 | 4755 | 20681 |
| 239968079010960285709698 |  557450 | 0.877996232846 | 122 | 666 | 3427 | 15124 |
| 239968079010960285738250 |  216613 |  0.7703441775  |  65 | 214 | 677  |  9972 |
| 239968079010960285641101 | 3352736 | 0.696737061543 |  69 | 440 | 2065 |  9663 |
| 239968079010960285641123 | 1671928 | 0.844416663151 |  7  |  20 |  51  |  106  |
| 239968079010960285710505 |  260767 | 0.824245399149 |  5  |  8  |  12  |   20  |
| 239968079010960285711371 |  260764 | 0.91060554999  |  97 | 676 | 4819 | 22390 |
| 239968079010960285729992 |  260767 | 0.727381328153 |  75 | 439 | 2154 |  9456 |
| 239968079010960285709604 |  220660 | 0.849542880799 |  59 | 198 | 567  |  6808 |
| 239968079010960285709615 |  598755 | 0.877398936126 |  86 | 638 | 3506 | 15374 |
+--------------------------+---------+----------------+-----+-----+------+-------+
Execute Time: 178.087971926

Program Name: bzip2
+--------------------------+---------+----------------+----+-----+------+------+
|            PC            |  Count  |    Hawkeye     | 2  |  4  |  8   |  16  |
+--------------------------+---------+----------------+----+-----+------+------+
| 239968079010960285742467 | 2149810 | 0.88820940781  | 67 | 206 | 667  | 1862 |
| 239968079010960285669792 |  50962  | 0.822279345395 | 4  |  6  |  10  |  18  |
| 239968079010960285777037 |  110495 | 0.845176741207 | 64 | 240 | 818  | 2469 |
| 239968079010960285635010 |  549504 | 0.684523283453 | 8  |  18 |  37  |  68  |
| 239968079010960285744326 |  56299  | 0.867475443614 | 5  |  8  |  13  |  25  |
| 239968079010960285631712 |  118391 | 0.835369599762 | 86 | 327 | 1027 | 2856 |
| 239968079010960285631722 |  818737 | 0.872799674193 | 20 |  29 |  46  |  77  |
+--------------------------+---------+----------------+----+-----+------+------+
Execute Time: 53.0767261982

Program Name: cactusADM
+--------------------------+-------+----------------+----+----+-----+-----+
|            PC            | Count |    Hawkeye     | 2  | 4  |  8  |  16 |
+--------------------------+-------+----------------+----+----+-----+-----+
| 239968079010960286094660 | 17730 | 0.933947602131 | 23 | 75 |  92 |  77 |
| 239968079010960285941066 | 17729 | 0.809260616998 | 34 | 63 |  89 | 259 |
| 239968079010960285941095 | 17729 | 0.910152284264 | 10 | 15 |  51 | 163 |
| 239968079010960285937097 | 17732 | 0.899473246465 | 24 | 34 |  30 | 120 |
| 239968079010960286091273 | 17729 | 0.64815023686  | 49 | 71 | 102 | 258 |
| 239968079010960285939745 | 17719 | 0.647865079813 | 18 | 43 |  80 | 116 |
| 239968079010960286091302 | 17729 | 0.659518031492 | 25 | 47 |  70 |  78 |
| 239968079010960286097542 | 17720 | 0.918556119571 | 17 | 46 |  67 | 204 |
| 239968079010960285896993 | 18000 | 0.900016663889 | 34 | 68 | 109 | 112 |
| 239968079010960286089515 | 17720 | 0.796178729065 | 15 | 27 |  45 | 119 |
| 239968079010960285897007 | 18016 | 0.899512789281 | 21 | 26 |  32 |  94 |
| 239968079010960285897037 | 18000 | 0.841737168641 | 11 | 25 |  53 | 165 |
| 239968079010960285897063 | 18000 |      0.9       | 9  | 13 |  51 |  84 |
| 239968079010960286095778 | 17719 | 0.88716894425  | 9  | 28 |  63 | 135 |
| 239968079010960285897126 | 18000 | 0.926391787467 | 12 | 30 |  79 | 107 |
| 239968079010960285897135 | 18000 | 0.949455676516 | 24 | 54 |  72 |  63 |
| 239968079010960285938112 | 17731 | 0.918115660241 | 14 | 15 |  19 |  83 |
| 239968079010960285938125 | 17730 | 0.757110609481 | 16 | 29 |  39 |  53 |
| 239968079010960285897889 | 18062 |      0.9       | 10 | 11 |  25 |  91 |
| 239968079010960285897196 | 18000 | 0.918833549552 | 23 | 37 |  50 |  75 |
| 239968079010960285897740 | 18006 |      0.8       | 20 | 25 |  23 | 104 |
| 239968079010960286098560 | 17730 | 0.904624929498 | 14 | 24 |  69 | 109 |
| 239968079010960285897961 | 18001 | 0.916486321514 | 38 | 74 | 103 | 109 |
| 239968079010960286092493 | 16538 |      0.9       | 15 | 17 |  28 |  30 |
| 239968079010960285897732 | 18000 | 0.785835214447 | 18 | 20 |  22 |  41 |
| 239968079010960285897987 | 18021 | 0.923277777778 | 26 | 45 |  59 |  61 |
| 239968079010960286098500 | 17745 | 0.900620767494 | 9  | 27 |  49 |  59 |
| 239968079010960285897797 | 18035 | 0.765525410345 | 33 | 40 |  53 |  73 |
| 239968079010960285897807 | 18003 | 0.822394040296 | 22 | 36 |  83 | 184 |
| 239968079010960286093579 | 17719 | 0.908197267577 | 28 | 38 |  42 |  43 |
| 239968079010960285897833 | 18000 |      0.9       | 20 | 56 |  86 |  86 |
| 239968079010960286137451 | 17720 | 0.822106663442 | 13 | 23 |  70 | 154 |
| 239968079010960286137480 | 17720 | 0.902333333333 | 12 | 20 |  79 |  76 |
| 239968079010960285897899 | 18000 | 0.771996162312 | 21 | 46 |  77 |  95 |
| 239968079010960285897925 | 18004 | 0.868266133511 | 34 | 65 |  55 |  72 |
| 239968079010960286094626 | 17730 |      0.9       | 10 | 13 |  40 | 108 |
| 239968079010960286092514 | 16538 | 0.753451676529 | 24 | 39 |  96 | 118 |
| 239968079010960286127394 | 16539 | 0.773306997743 | 27 | 43 |  45 | 100 |
| 239968079010960285898020 | 18006 |      0.9       | 13 | 23 |  22 |  74 |
+--------------------------+-------+----------------+----+----+-----+-----+
Execute Time: 11.928951025

Program Name: milc
+--------------------------+--------+----------------+----+----+----+----+
|            PC            | Count  |    Hawkeye     | 2  | 4  | 8  | 16 |
+--------------------------+--------+----------------+----+----+----+----+
| 239968079010960284695885 | 120010 | 0.564721763912 | 7  | 8  | 15 | 24 |
| 239968079010960284587428 | 281166 | 0.949812566242 | 18 | 27 | 41 | 46 |
| 239968079010960284726720 | 40002  | 0.810515790351 | 14 | 24 | 26 | 48 |
+--------------------------+--------+----------------+----+----+----+----+
Execute Time: 26.8454959393

Program Name: soplex.med
+--------------------------+-------+----------------+----+----+----+----+
|            PC            | Count |    Hawkeye     | 2  | 4  | 8  | 16 |
+--------------------------+-------+----------------+----+----+----+----+
| 239968078974881411306793 |  2431 | 0.425633137788 | 6  | 10 | 15 | 26 |
| 239968078974881411306819 |  4584 | 0.817844677138 | 16 | 21 | 29 | 40 |
| 239968078974881411306829 |  2431 | 0.946681792399 | 4  | 5  | 9  | 17 |
| 239968079010960290196834 | 27956 | 0.709995886466 | 15 | 20 | 23 | 28 |
| 239968079010960290098574 |  1760 | 0.817150338206 | 14 | 20 | 31 | 40 |
| 239968079010960290196905 |  1763 | 0.707116412999 | 13 | 17 | 27 | 27 |
| 239968079010960290098607 |  4866 | 0.865909090909 | 10 | 20 | 45 | 85 |
| 239968078974881411306767 |  4583 | 0.64241676942  | 9  | 18 | 40 | 91 |
+--------------------------+-------+----------------+----+----+----+----+
Execute Time: 1.36445498466

